2950
0 59683
0 22516
0 62719
0 7751
0 53327
3 22516 18049
0 63348
3 63348 23893
0 19453
0 16060
0 5353
1
0 20162
0 31775
0 62077
1
0 20314
0 50149
3 18049 16667
1
0 40220
0 24174
0 33763
0 47071
2
0 7445
0 2904
0 65250
3 53327 46979
0 31514
0 46887
3 62719 19327
3 16060 12558
0 35846
1
0 8436
2
0 15000
2
1
0 656
0 20617
1
0 32633
0 37655
0 41836
2
3 19327 9730
1
0 30877
0 28811
0 42334
2
0 7539
0 6538
3 40220 14640
0 41525
0 31688
2
0 59064
0 7255
2
0 35468
3 46979 24622
2
0 39305
0 48777
3 24174 4017
0 35540
2
2
0 33355
3 9730 2987
0 15949
2
0 22106
3 31514 19571
0 53215
0 15166
0 24754
3 19453 16107
0 47375
0 34843
0 19445
2
0 65171
0 4501
0 36871
3 33355 3847
0 57794
2
0 8231
0 37978
0 5056
2
3 14640 3215
0 47845
0 43915
3 31775 22966
0 3928
0 53696
3 8231 1813
1
2
0 35555
2
1
0 44018
0 1870
0 56627
1
2
0 48638
0 10995
0 18058
0 33628
1
3 46887 46161
0 42970
0 1524
2
0 36296
3 46161 41070
0 46309
0 20242
2
0 35630
0 4339
0 31109
0 49384
2
1
2
0 24326
1
1
0 22374
1
1
0 53486
0 23212
3 47375 15662
0 14249
0 13961
0 22725
2
1
3 22374 5574
0 45666
3 43915 18762
0 26137
0 32196
0 6666
3 18058 11275
0 29799
2
0 16934
2
2
0 27646
0 372
0 48197
0 30790
1
0 37853
1
0 11772
0 54916
0 45307
3 37655 17252
0 3008
0 49631
0 12101
0 39250
0 7152
2
1
0 20571
0 29588
0 51530
2
0 39882
0 60983
1
3 49384 1980
2
1
1
0 29483
0 37
0 111
2
0 28506
2
0 53328
1
0 55487
2
2
0 1801
1
1
0 44163
3 33763 10922
2
0 37141
0 9372
2
0 35232
3 48638 27238
0 37307
0 54921
2
2
0 56367
0 18578
0 24193
0 1141
0 55234
1
3 35846 31037
0 39565
0 22591
1
2
0 24482
0 57099
0 39663
0 47026
0 51678
0 60200
3 31688 25165
0 62237
3 44163 19687
3 39305 7999
3 37978 7147
2
1
3 48777 6337
3 31037 23626
2
0 42507
1
0 52395
1
0 63455
0 15918
1
1
0 2040
0 37985
1
0 64190
3 29588 12125
3 47845 195
0 62578
0 31201
3 24326 11678
3 16667 6540
3 195 20
0 16390
2
0 28663
0 6121
1
0 30670
0 34583
3 36296 23906
1
1
1
0 24585
0 56249
2
0 6732
0 61057
0 17075
0 64455
0 11702
1
3 37141 18967
3 19687 7194
1
0 22669
2
2
0 463
2
0 6537
0 57596
0 35003
0 12992
0 12231
0 51843
0 61469
0 49385
0 13257
0 5507
2
0 33861
2
1
0 25927
3 36871 36297
3 56367 46071
0 14126
1
0 30039
0 1857
1
2
0 13763
3 59064 43330
0 60881
3 14249 1534
0 15733
3 35555 11178
1
0 56259
3 23212 17937
0 1165
0 46112
0 40236
0 5504
1
0 52295
0 24000
3 41525 717
3 18967 13810
3 16390 11020
0 42509
1
0 13554
0 1161
1
0 36277
0 45455
0 29108
0 61108
3 7999 5611
2
2
2
0 19332
1
0 12606
1
0 7215
0 40225
0 22513
0 53351
0 60198
0 45838
0 46380
0 61989
2
2
0 3954
2
0 55806
0 35966
2
0 38132
0 17142
3 22513 1310
0 63510
3 63510 24852
0 14999
3 35540 33359
0 9941
0 32270
0 26263
0 53514
0 47697
1
0 14848
0 27347
2
3 26137 20305
0 62732
0 50834
3 57099 5849
0 6098
2
0 36465
0 8317
1
0 43653
0 60892
3 13257 12058
0 22036
1
3 35630 6282
3 32196 28561
0 10056
0 60978
1
0 18301
2
0 18313
2
0 64587
0 33502
0 45810
0 31813
0 8615
2
0 46912
0 44251
2
1
3 55806 40875
3 22725 4143
0 42763
2
0 57658
0 20871
3 44251 34530
0 52980
0 55748
0 28924
0 61441
0 1610
2
1
0 54818
0 30764
0 4649
0 43001
0 2002
2
0 28961
0 60687
0 49750
1
3 4649 2744
0 24371
0 4066
0 11551
0 14961
0 16187
0 33892
0 19246
0 37839
3 33359 16184
2
0 38645
2
0 1495
0 23991
3 42509 5898
1
3 42334 35482
0 32475
0 31072
3 41070 10845
0 15083
0 46675
3 28811 9350
0 18954
0 17408
0 61824
1
3 28561 18834
0 9737
3 48197 41356
0 56649
2
0 17490
0 9675
0 36474
0 52772
0 63943
0 27157
1
0 10512
1
2
0 29791
0 43187
0 37528
0 31331
2
0 7232
0 10135
0 19958
0 57221
2
3 24622 20910
0 6433
2
2
0 49818
0 51046
0 51712
2
0 24821
0 2950
0 23189
0 19065
0 55297
0 50853
0 53062
0 48540
1
1
1
1
0 58452
1
0 39142
3 60978 16259
1
0 56974
1
0 27046
0 35265
0 34368
0 6352
0 56531
0 38035
0 10675
0 54391
3 32633 31146
0 29545
3 16187 2914
3 24193 20300
2
0 4786
2
0 55170
2
3 18313 14959
0 4798
0 5757
0 29723
0 50840
3 37307 11538
0 59935
1
0 37856
0 2706
0 62743
3 43330 17405
2
0 20092
1
0 36710
0 40219
3 31109 15048
3 42507 18945
0 44654
0 16070
1
0 18500
0 26115
0 30727
1
0 11077
1
0 54710
2
2
0 1220
0 29132
0 37362
0 25450
0 21408
2
0 14507
0 13133
0 2040
2
2
0 12081
0 64601
3 55748 1988
0 42161
0 21693
0 58424
3 12125 4648
2
3 12058 2616
0 44427
1
0 1059
0 33480
3 62732 25188
2
0 51754
1
0 16381
1
0 38984
0 21340
0 824
3 52395 10462
0 5468
3 21340 1140
2
2
0 64178
0 19834
0 56588
0 62801
3 43001 30961
0 29659
0 20139
2
3 24482 24324
2
0 53608
3 47071 43230
0 9736
3 29545 5976
0 55952
0 42612
0 8991
0 56488
0 40676
0 41275
1
3 18578 14689
1
0 64363
0 10339
0 35784
0 50947
0 39526
2
0 6479
0 41223
0 12803
0 59177
0 58978
0 15864
0 13876
1
0 51526
0 20005
0 35038
0 33145
2
0 44633
3 64190 34192
0 65353
0 47597
0 37973
0 58519
1
0 3537
0 26630
1
2
3 53328 40415
0 62262
3 58452 7908
0 55855
0 53466
0 17474
0 45973
0 38967
2
0 5928
0 60230
0 1461
1
0 64442
0 10728
1
2
0 60331
2
0 13337
3 47026 34939
0 9392
0 14176
0 28139
1
0 23974
1
0 47920
0 44322
2
0 48187
0 52558
0 15427
0 32623
2
0 24289
0 37842
1
0 1000
0 45264
0 26411
0 452
0 12548
0 39973
2
0 55896
3 17937 4108
0 26210
3 14999 2824
3 37842 29344
1
2
3 39565 15371
0 60127
0 26416
0 46122
3 40415 3667
0 62801
1
0 9154
0 34199
0 51073
2
0 50612
2
0 46692
0 24852
0 11364
0 36917
0 17925
1
0 63481
0 53128
0 32578
3 34939 10735
0 12168
2
0 39557
0 53398
0 35257
0 54572
3 12231 3365
0 50857
0 30479
3 42612 38789
2
1
2
0 14529
1
0 18539
0 59002
0 27361
0 52635
0 30608
0 2251
1
0 6827
3 51073 22435
2
0 42536
2
0 43983
2
0 29494
0 58802
0 63761
0 22769
0 63977
2
0 63040
3 53062 644
3 35257 7053
0 880
0 32081
3 28924 21522
0 21449
0 14167
0 15998
0 41200
3 23974 468
0 2445
2
0 23700
0 25314
0 45981
1
0 217
3 30790 2705
0 23940
0 9000
1
1
0 12102
2
3 22669 12242
3 19445 2976
3 11702 3148
0 25136
0 8743
0 7594
0 12909
0 40932
1
2
2
0 37109
3 15083 7232
0 7449
0 48151
1
3 46675 42964
0 47581
0 10001
2
1
0 58862
0 64532
0 37762
0 40726
1
0 34108
3 24754 16570
0 13633
0 34823
3 38967 6532
0 45475
0 10642
0 50539
0 53914
0 18452
3 22435 1205
3 46692 44968
0 32353
1
3 18834 6700
3 44968 44133
1
0 9074
1
0 56731
0 55019
3 60881 51869
0 13337
0 45408
3 16570 9179
2
2
0 52865
1
0 24880
0 28776
3 57794 13231
0 52201
2
3 30608 21295
0 13102
0 23696
0 8417
2
0 955
0 38724
0 58195
1
1
0 42460
1
0 25815
0 18397
0 62433
0 24337
0 27481
0 17876
3 30764 27736
0 36123
0 64965
0 3939
0 51425
0 18119
1
3 12909 9704
0 58205
0 63068
3 62433 15147
0 4052
0 57700
1
1
2
0 18340
0 20151
0 51910
0 7442
1
2
3 35966 1436
0 52700
1
0 55056
2
0 61808
1
1
0 2844
0 28350
0 31180
0 49521
3 23626 11012
1
0 23613
3 64363 14309
3 10845 2670
0 28105
3 15147 11039
0 15125
0 45060
0 28514
0 60792
0 43534
3 11678 8592
3 29494 11877
2
0 43889
0 60825
1
0 6406
2
0 23471
0 14004
3 35468 10681
0 33986
1
0 48215
0 4438
0 62450
2
0 53592
1
3 23613 13644
0 48922
1
3 50840 48140
0 2394
0 8336
0 31331
0 38492
0 52752
0 19701
0 20199
2
3 17474 10695
0 28511
0 6031
0 12293
3 31813 4637
0 13905
0 40982
0 54211
1
2
2
0 5689
2
0 54566
2
3 9675 183
0 50842
0 32791
1
0 56104
0 51939
1
2
0 49952
0 20227
3 45810 36692
0 23905
0 8373
0 19989
3 42964 37191
0 62121
0 15057
0 26555
0 14043
0 28647
3 35265 18706
2
2
2
0 39618
0 56605
0 32230
0 57549
3 57596 50807
1
2
0 24871
0 32687
0 7090
0 2369
0 6056
1
1
0 13141
2
0 20280
0 17124
0 23478
0 8469
0 11589
1
2
0 6879
1
0 55735
0 36041
0 45549
0 12413
0 7615
0 11012
0 10768
0 31601
0 62493
0 3846
1
3 15918 4075
0 11535
0 20479
2
0 31948
0 41230
1
0 40901
0 38484
0 37121
1
0 57101
1
1
0 63842
3 45973 40996
0 13207
3 19332 1628
0 33852
2
0 63660
0 8227
0 25665
0 43084
0 29611
0 1022
2
0 15751
0 6721
2
0 41994
0 54003
3 21693 13493
0 62305
0 33645
2
2
3 37528 36949
2
0 765
1
0 17422
0 51021
0 40154
2
0 6479
1
0 12451
3 51021 40277
2
0 35229
0 55303
3 47581 19717
2
1
0 64347
2
0 27421
0 15715
2
1
0 49881
0 64579
0 34225
3 55019 35609
0 26495
0 59731
0 23777
0 40627
0 19296
0 63872
1
1
0 61235
1
2
1
1
0 1985
2
0 49626
3 13493 5481
3 31948 13860
0 47847
1
1
0 51357
0 7611
0 34186
0 18199
0 44461
3 14961 12768
0 60656
0 36937
0 28680
2
0 43721
1
0 55544
0 16367
0 37557
2
0 30972
0 46871
0 20302
0 2432
0 3072
2
0 46381
0 37151
0 42954
3 39526 7262
2
0 1213
1
0 59519
0 63577
1
3 63943 25848
0 39668
0 14350
0 62271
1
0 63700
0 29857
0 24100
1
2
1
1
0 4610
0 13767
1
3 53514 19909
0 55934
2
0 25728
0 46620
2
0 59410
0 57203
3 20305 6601
3 12242 879
0 6966
2
0 46932
0 11887
0 717
3 29132 28735
0 20713
2
2
3 55544 34377
0 62626
0 20448
3 61057 39354
0 24348
2
0 29030
2
3 44018 35746
0 57251
1
0 18091
1
0 40588
0 6936
3 15949 11908
0 40773
0 60392
1
0 5391
0 37149
3 58195 5794
0 32277
2
2
0 19196
0 2586
0 24036
3 26411 884
3 10681 1441
3 51843 36590
0 38126
1
0 170
1
1
1
3 63040 44670
0 44653
0 21359
0 65095
1
2
0 4133
3 62578 13209
3 36590 15949
1
1
0 63716
0 21361
0 1109
0 21492
0 36596
1
0 42978
0 63977
1
0 58164
0 18470
3 47920 35972
0 51524
1
0 45862
3 14126 1262
0 41143
3 44654 24107
0 33450
1
1
1
0 7450
0 40293
0 35194
0 3421
0 48349
1
2
0 44711
3 50842 28489
0 53641
3 50807 14380
3 19834 5709
2
1
0 61872
0 14054
3 13209 13178
0 17331
0 27
0 8075
0 2749
0 37401
0 36772
0 12
0 38988
0 21601
1
2
1
0 19332
0 61107
2
0 14239
0 38687
3 62493 32335
1
3 37362 34584
0 42723
0 33519
0 56791
0 55370
1
2
3 34108 11020
0 49446
1
0 61503
2
0 9804
0 40673
0 4328
0 46546
1
0 1135
1
2
0 51971
2
3 15998 7482
3 34583 4244
2
2
0 64655
1
0 30015
0 4463
1
0 20449
0 55428
0 2140
0 39231
0 22894
0 11132
3 64601 52657
3 55297 23502
3 23502 1615
0 20357
0 54649
3 17405 16283
2
2
3 55487 28246
2
0 55166
0 41247
0 19223
0 62490
1
0 19651
0 60736
2
0 58940
0 6933
0 5558
0 27035
0 30503
0 42334
3 64655 3798
0 304
0 56042
2
0 36217
2
3 10735 3993
2
0 39357
1
3 14239 2474
2
0 64722
0 317
0 56407
2
0 24278
0 16083
2
0 52097
2
1
0 31395
0 51946
2
1
2
2
0 26276
3 18954 16540
3 8743 3051
0 45441
0 9132
3 30670 2938
3 52865 23284
0 58599
0 40178
1
0 59046
0 42057
0 31366
0 65100
0 59774
1
2
2
2
0 8133
1
3 18500 7540
0 49619
0 52744
0 26870
0 10476
0 12825
3 51910 43016
0 13729
1
3 41275 25735
0 26045
0 53117
2
0 60065
1
1
0 45535
0 14963
2
0 24078
0 35566
1
0 59576
0 1394
2
0 62853
0 8243
0 2926
0 59226
2
0 20204
1
0 65166
1
1
0 39127
0 34912
0 22586
1
0 5411
0 15487
1
0 56085
0 17415
1
1
0 59371
0 29755
0 58264
3 10339 4731
0 49943
1
2
3 36772 16974
1
0 8228
0 25700
0 41240
0 64002
0 700
0 23842
0 16623
3 16623 11700
0 64032
3 11589 5842
1
0 701
0 38980
1
3 9074 3346
0 40693
0 36248
0 43586
0 65302
3 17252 11206
2
0 30359
0 31170
1
0 33890
0 29956
0 56049
0 20138
2
0 23407
2
0 25540
0 64655
1
3 20138 4040
1
3 28961 5450
1
3 8227 2294
0 17643
3 27238 10014
0 41672
3 40901 15117
0 12515
0 16030
1
2
0 19432
2
0 59794
3 31180 6943
0 15338
0 60388
1
1
3 53696 15719
0 49584
2
2
3 18119 16797
3 29857 23801
3 20199 13366
2
0 17756
0 8699
3 17756 3696
1
0 48879
0 40109
1
1
0 40461
0 28900
0 33416
2
0 7318
1
2
3 56042 24068
2
3 20242 7271
2
1
0 26095
0 58777
2
0 56430
0 20987
2
2
0 42026
3 37149 29728
0 31009
0 50293
0 15661
2
0 29404
0 51534
0 44722
0 41054
0 15196
3 36248 13244
0 40256
0 2429
0 13056
2
1
0 7237
0 39465
2
0 36564
0 19160
1
2
3 59002 39971
2
0 10743
2
1
0 48392
2
0 1948
1
0 33863
3 13763 8016
1
1
0 15697
0 40384
0 57788
2
0 45046
3 42970 2908
0 18856
1
2
0 59333
3 29108 17487
0 23303
0 42853
0 2294
3 15048 15043
3 20448 18503
0 58590
0 31586
0 27368
0 47110
0 46894
0 40749
0 23055
1
2
0 398
0 40827
0 59606
1
2
1
0 41485
3 29755 13910
0 1625
0 63293
0 849
2
0 23729
0 3866
0 51576
0 16957
1
0 24991
0 64975
0 26564
0 27958
3 64032 28999
0 20695
2
0 39437
0 64554
1
3 59410 38632
0 52410
0 15585
3 45022 29888
0 65506
0 17992
0 1811
0 24852
0 30578
0 8560
0 5487
0 46457
0 46755
0 65465
2
0 8725
1
3 56133 6717
2
1
0 22385
1
3 47847 35529
0 41607
0 36286
0 62857
0 31820
1
3 58777 25090
0 50646
0 43929
0 53340
0 1573
2
0 19038
0 1467
0 3199
1
3 11927 8447
0 42194
2
0 55245
0 43205
0 12825
0 32035
0 47768
0 33073
3 62077 34345
0 42904
2
0 34777
1
0 16995
0 42286
0 4590
0 52404
0 14058
0 27357
3 60127 8162
0 40444
0 43375
0 59420
0 41684
1
0 35734
0 37301
0 34297
1
0 13272
1
1
2
1
0 12448
1
0 3035
1
0 34897
0 18819
0 62357
3 46871 37456
0 18472
3 23055 4447
0 61989
0 2490
0 60938
2
0 60296
3 53608 16837
0 12370
0 21520
0 65083
0 29589
0 60802
0 23337
2
0 12111
0 30797
0 3497
3 33480 12381
3 34345 5959
3 51971 12230
0 27878
2
1
2
0 17655
0 4837
3 24821 1246
0 19779
3 38645 23464
2
1
2
0 12616
3 9132 6829
0 24705
1
0 12459
0 30323
3 58978 25973
0 34393
2
0 40316
1
0 47285
2
2
0 22707
0 36410
0 58616
0 65148
0 27106
0 21841
0 37849
0 31588
3 41200 20912
1
0 25046
0 39350
0 23824
2
0 3478
0 39326
1
2
1
1
1
0 48924
2
0 44544
3 41684 3023
0 45636
0 28083
0 6741
3 48924 35250
1
2
0 38440
0 34415
1
0 40831
1
3 64722 51186
0 30298
3 55952 4239
2
3 15715 10654
0 26733
2
2
0 17778
2
1
0 35330
0 49909
3 24000 18319
0 40392
1
0 26805
0 46356
3 37109 20060
0 25073
0 21320
0 6193
0 45935
3 62801 54817
3 57251 11614
0 14716
1
3 60938 761
0 40904
0 50660
0 57015
3 44653 6745
0 18213
0 33020
0 61556
0 34645
0 6446
0 41123
0 8479
0 5835
0 47576
0 63284
0 30873
0 10735
2
2
1
3 60687 31963
2
0 47349
0 62524
2
2
0 49245
0 6748
3 40982 3073
0 876
0 27497
3 25848 11838
0 25314
0 21
3 40693 38308
0 25263
0 7803
0 36584
0 62910
0 10403
0 36216
1
3 35250 4802
0 38111
0 59843
0 34385
0 52790
0 39494
3 36041 26723
0 53782
0 59557
0 3805
3 13810 11795
0 50151
0 52797
2
0 57611
0 21074
0 26564
0 28869
0 12073
2
3 10512 4832
0 25971
0 52658
0 23048
3 40178 36641
0 12310
0 7368
0 41764
2
1
2
2
0 61378
2
0 19767
0 53994
0 27474
0 49865
0 16534
1
2
0 37807
0 24744
0 60290
0 42007
0 26450
0 2676
2
0 50965
1
3 60656 347
0 64297
0 59896
0 58560
0 48494
0 16024
3 58862 33427
0 286
0 60960
3 13905 465
1
0 15992
0 52971
1
0 1432
0 52416
2
0 58802
2
0 30637
3 18539 16336
3 50857 31734
0 39010
3 53486 51507
3 19065 8292
3 62237 45304
0 57102
0 14392
1
0 37983
2
1
0 8824
3 17876 2097
0 53758
2
3 20912 4861
1
0 48118
0 35375
2
3 15371 398
3 15043 2583
3 47989 6677
1
3 20713 10373
0 29508
1
1
0 31010
0 7090
0 44496
1
2
0 20929
0 38515
0 37055
1
3 15057 4431
0 61602
2
0 7830
0 49452
3 11614 4098
0 52015
0 65083
0 62383
3 31331 1755
3 37849 35916
1
1
0 41091
0 18319
0 31264
3 45455 27220
2
1
3 18319 721
0 26816
0 30903
3 39494 24745
0 51098
2
0 21125
3 31963 27368
0 64663
3 20871 50
0 40998
1
3 42057 24488
0 16777
2
2
2
0 35825
2
0 31032
0 63145
1
0 1953
3 46112 22072
0 693
1
0 46226
0 53035
1
1
0 20555
0 51408
0 8609
1
0 55239
0 56429
3 18819 9212
0 28837
0 15801
0 42572
3 55303 21660
1
0 20128
0 48792
1
1
1
3 13133 7602
0 12281
1
0 6391
1
0 57565
1
0 50983
1
0 53636
0 53220
0 18010
0 7202
0 46847
0 43562
0 53775
0 20683
3 8725 4200
0 22709
2
0 63454
3 54391 24531
2
2
2
3 47576 249
3 30903 9169
3 36410 14206
1
3 47349 40922
2
0 42149
0 62107
0 62868
3 15427 14449
0 57657
0 424
0 35517
0 7310
0 10740
3 51357 16707
0 35316
0 6925
3 21492 15085
0 31658
3 60296 51983
2
0 30950
0 55627
3 18199 15123
0 20064
2
3 31072 6970
0 52223
0 39428
0 43981
1
0 10563
0 25872
1
2
0 9306
1
0 40390
0 13413
0 14513
0 54884
0 9803
0 11577
3 39127 24024
2
0 51063
2
0 8523
3 35003 17762
0 14660
3 18762 17950
0 51797
1
0 39963
0 48164
1
0 27690
2
0 23452
0 38439
0 8453
3 34530 21648
2
3 13644 11905
0 35739
2
0 38981
0 4371
0 63114
0 12384
0 17419
1
3 31601 5592
1
3 25540 17921
3 20064 15388
3 56605 44131
0 46452
0 35184
0 30465
0 265
1
0 20382
0 49238
0 38276
0 4100
1
2
3 37983 20804
0 14275
0 42559
0 25133
3 21361 6996
0 29153
0 55202
0 62249
1
1
1
0 38271
0 11808
1
0 16518
0 44644
0 49790
1
0 38055
0 38378
0 60867
3 14689 601
0 48822
0 63003
0 30958
3 21359 17918
0 28571
1
0 52158
2
2
0 10422
0 6158
0 25353
1
2
1
0 60056
0 2209
3 38984 23450
0 17920
1
0 34556
2
1
0 19844
0 25418
1
3 33263 14733
0 50147
2
0 2698
1
0 65328
0 51696
0 30264
3 52404 25521
1
3 41247 26975
0 48730
0 1951
0 23860
1
0 43224
3 9803 3667
0 30196
2
1
0 16123
2
0 15280
0 46516
0 57086
1
0 40620
2
0 58963
0 58967
1
3 26564 12450
0 159
0 63147
3 22591 10636
0 13588
0 30709
0 56742
0 289
1
3 35972 18779
3 53641 11133
0 14013
0 51322
1
2
0 30264
1
0 13126
0 34533
0 33513
2
2
2
3 53782 11789
3 47285 31067
2
0 6339
0 38254
0 23385
0 40841
3 27474 10726
0 16821
0 437
0 23782
0 11300
1
3 28511 2926
3 13633 4326
2
0 6547
0 18342
0 19596
1
0 4508
0 18603
2
3 8592 953
0 39235
0 27947
0 13146
0 63058
2
0 59862
0 35558
0 19573
0 51241
0 44662
0 42617
1
2
1
0 14478
3 24531 5278
2
0 61953
0 51724
1
3 48392 36513
1
2
0 7612
1
3 8699 818
1
3 33863 18322
2
2
0 65223
0 42192
2
0 65265
1
2
0 60422
0 12637
0 23575
1
0 17904
1
3 41123 29978
1
3 19701 2356
1
0 22475
0 19687
0 46172
0 56560
3 10403 5377
0 2198
3 29508 5371
0 44613
0 62438
1
2
0 15886
2
0 35810
1
0 31867
1
2
0 45496
1
0 48357
2
0 13104
1
2
2
0 42457
0 3757
3 28776 1235
0 2800
2
1
3 10743 7498
3 24036 22327
0 6446
1
0 40296
0 18230
0 3929
0 7750
3 27046 25450
0 61281
2
3 63977 28016
0 62622
0 31264
1
0 13379
3 27646 2424
2
1
0 51299
3 43929 25467
1
1
0 64455
3 40932 21769
0 9056
0 24198
0 28536
0 12195
1
2
1
3 11178 1532
3 24871 11100
0 35553
0 37986
0 52781
1
0 40758
0 60811
0 8106
0 4103
3 61989 5287
0 32578
0 18586
0 5227
0 11960
2
0 57896
3 58424 12411
1
2
0 37964
0 23555
2
1
3 21320 6783
3 54572 35029
0 42229
0 28977
0 28538
0 17161
0 57263
0 31119
0 60522
1
1
2
0 13101
0 20574
3 36216 25948
0 39242
0 17798
3 51526 4426
0 55453
0 38930
0 42388
2
0 2385
0 54952
3 48922 32224
3 21522 8461
0 29658
0 1201
3 43084 38492
0 3526
0 64644
0 15691
0 42980
3 37986 18700
0 29972
0 49644
2
3 59519 13233
0 51284
1
0 1447
3 30709 14384
2
0 44836
0 11379
2
2
0 58128
0 55538
1
0 35718
1
0 18049
0 7953
2
3 23575 1335
0 53671
3 23991 17440
2
2
0 58034
0 14002
0 44434
0 35885
0 6976
1
0 62012
2
2
2
0 64891
0 17028
0 45140
2
3 34192 23096
0 50611
3 24744 14568
0 51854
2
3 60825 6703
0 2600
0 61449
0 44957
0 3371
0 32463
0 1564
1
0 51669
0 30148
3 28016 4028
0 28524
0 50235
2
0 19223
1
0 11787
0 41662
0 60415
0 19166
2
1
0 9285
0 19367
0 59273
3 31820 3137
2
0 7913
2
2
0 33163
0 4282
0 1087
3 8453 2719
3 28350 12841
0 9374
0 25895
0 4328
0 54504
1
0 16396
3 55239 41038
2
0 64330
0 35965
0 45154
3 17490 5469
0 22465
2
3 31867 5048
0 26043
3 59557 28865
3 7913 1533
0 55939
0 893
2
2
0 17494
0 50800
1
0 8260
0 64029
0 28206
0 11297
0 41925
2
0 60935
0 43184
1
0 59270
0 22199
3 13961 790
2
3 38439 28632
3 61953 47591
0 21829
0 34424
0 40860
0 17157
2
3 14054 10559
3 14716 14563
2
0 13313
3 10695 6525
0 17192
3 51299 25929
0 14855
0 12733
1
0 39173
2
0 28426
0 13552
0 48513
1
3 44836 32786
1
0 2013
0 57026
3 10642 1851
3 35566 30299
0 21207
0 30013
0 13543
3 25133 5347
0 34383
1
0 19788
0 21272
0 5251
0 20827
0 12077
0 29751
0 19378
0 25228
0 11331
0 25441
2
0 21041
2
0 44834
0 7245
2
0 9180
0 58873
2
0 49832
0 46636
0 26055
0 49202
0 37880
0 19228
2
2
0 40305
0 13617
0 55235
0 55033
0 19753
3 9179 4631
2
3 13366 5186
2
3 21207 10913
0 13633
0 25037
1
3 40219 17579
1
0 12817
0 20436
0 46502
0 57072
1
1
0 32405
0 45018
0 38768
0 16622
2
1
1
0 35370
3 51669 43974
3 39465 7890
3 32623 9931
0 13432
0 13490
0 1276
2
0 16754
2
0 33610
0 64556
0 53647
2
0 15358
3 15949 2860
0 46345
3 32786 5919
0 20744
0 499
0 6828
3 29888 23625
1
1
3 12381 150
0 37032
3 12616 1975
1
0 44414
3 28632 15346
1
3 31734 29070
0 59672
0 43639
0 46846
3 52971 12990
0 54732
1
0 49744
0 3583
0 659
0 7199
3 15691 3375
3 46847 25457
0 52583
1
0 19852
0 21607
0 41669
0 42605
0 39523
0 14243
2
1
0 50970
2
0 51364
3 31658 8000
0 56325
0 11378
0 9995
0 34392
0 18482
0 17852
0 19170
0 23094
3 56049 48585
0 32166
1
2
2
2
0 63906
0 22821
0 45201
3 55056 12670
0 35453
0 35296
2
2
0 9180
0 60976
0 59263
0 49280
0 58162
3 12606 8437
0 4959
0 58275
0 40672
1
0 52463
1
1
0 15437
0 31657
0 43302
0 27771
0 48374
2
0 52936
0 31729
2
0 43289
3 51098 8367
0 10029
3 38724 15721
0 19188
0 65499
0 14956
0 57370
0 4955
3 44322 6538
0 25943
2
0 36108
0 24269
0 60580
0 49982
0 60275
1
0 40120
0 4404
0 22226
2
1
1
3 7953 709
0 49927
1
0 5500
3 48494 2956
0 21135
0 8930
1
0 28385
0 59754
0 25001
1
3 44544 39902
0 48867
0 62987
3 62743 17108
3 35316 7692
2
0 63665
1
3 29978 2865
1
0 14584
2
3 51797 22371
2
2
0 56290
0 45876
0 40298
1
1
0 60994
3 18342 4252
0 6887
0 1621
3 24107 3823
0 58161
0 45399
2
2
0 39382
0 23286
0 27307
3 13552 4547
0 54906
1
3 19166 14987
0 23275
3 58519 33673
3 41662 2265
1
1
0 4395
0 45285
3 17798 5697
3 62249 14971
0 48176
0 20253
0 28117
3 17950 2509
0 54467
2
0 24534
0 26202
0 58325
0 3846
3 54884 27434
1
1
0 17630
0 28297
0 46638
1
0 60682
0 51132
2
0 47420
0 48812
1
1
0 36338
2
3 45441 3401
0 59274
1
0 28769
0 64397
0 36989
1
0 24398
0 43588
0 14347
1
0 59411
0 21522
0 61345
0 20331
0 9532
1
1
3 30015 9321
3 23189 12328
0 1295
0 30580
0 4755
0 57115
0 63194
0 7010
0 16823
0 13434
0 16000
1
0 53652
2
3 47597 37376
2
2
0 15742
0 9989
2
3 55245 16149
0 46945
1
0 19225
3 15662 6920
0 59675
0 46049
0 20559
0 52996
0 60753
0 56094
0 56741
1
1
0 32606
1
0 16357
0 3840
0 61605
0 2611
2
3 46122 14937
0 3386
0 1693
0 43131
0 7460
0 59487
0 18727
0 48687
1
0 51623
0 13611
0 38695
0 58246
0 1448
0 34482
1
1
0 61085
0 29325
2
2
0 3373
1
0 22557
0 46076
0 54070
0 18466
0 18041
0 36054
0 9088
2
0 14763
0 47395
3 18472 3561
0 646
0 5999
3 44414 39384
0 51256
